0.000017
0.000048
0.000011
0.000006
0.000010
0.000007
0.000006
0.000007
0.000006
0.000008
0.000009
0.000009
0.000006
0.000009
0.000010
0.000009
0.000006
0.000010
0.000007
0.000013
0.000013
0.000010
0.000010
0.000013
0.000013
0.000014
0.000014
0.000013
0.000014
0.000014
0.000010
0.000014
0.000014
0.000013
0.000014
0.000013
0.000010
0.000013
0.000016
0.000024
0.000014
0.000015
0.000014
0.000015
0.000015
0.000014
0.000015
0.000014
0.000015
0.000028
0.000015
0.000019
0.000015
0.000014
0.000015
0.000015
0.000015
0.000015
0.000014
0.000013
0.000014
0.000014
0.000014
0.000015
0.000014
0.000015
0.000014
0.000014
0.000011
0.000014
0.000014
0.000015
0.000023
0.000014
0.000014
0.000014
0.000016
0.000010
0.000014
0.000014
0.000015
0.000011
0.000014
0.000013
0.000014
0.000015
0.000014
0.000014
0.000014
0.000016
0.000015
0.000015
0.000014
0.000015
0.000016
0.000014
0.000014
0.000014
0.000015
0.000015
