250
357
464
571
678
785
892
999
1106
1213
1320
1427
1534
1641
1748
1855
1962
2069
2176
2283
2390
2497
2604
2711
2818
2925
3032
3139
3246
3353
3460
3567
3674
3781
3888
3995
4102
4209
4316
4423
4530
4637
4744
4851
4958
5065
5172
5279
5386
5493
5600
5707
5814
5921
6028
6135
6242
6349
6456
6563
6670
6777
6884
6991
7098
7205
7312
7419
7526
7633
7740
7847
7954
8061
8168
8275
8382
8489
8596
8703
8810
8917
9024
9131
9238
9345
9452
9559
9666
9773
9880
9987
10094
10201
10308
10415
10522
10629
10736
10843
