0.000009
0.000008
0.000008
0.000007
0.000007
0.000007
0.000007
0.000007
0.000008
0.000011
0.000007
0.000008
0.000007
0.000007
0.000008
0.000008
0.000010
0.000009
0.000012
0.000011
0.000012
0.000011
0.000013
0.000011
0.000011
0.000019
0.000009
0.000010
0.000008
0.000009
0.000009
0.000009
0.000009
0.000012
0.000009
0.000009
0.000026
0.000008
0.000007
0.000008
0.000011
0.000009
0.000009
0.000010
0.000008
0.000007
0.000008
0.000007
0.000008
0.000009
0.000007
0.000007
0.000010
0.000008
0.000008
0.000008
0.000010
0.000007
0.000008
0.000009
0.000009
0.000009
0.000009
0.000010
0.000009
0.000008
0.000009
0.000008
0.000007
0.000008
0.000008
0.000008
0.000008
0.000007
0.000007
0.000011
0.000014
0.000009
0.000010
0.000008
0.000009
0.000010
0.000010
0.000012
0.000012
0.000009
0.000008
0.000021
0.000009
0.000007
0.000010
0.000011
0.000012
0.000011
0.000011
0.000012
0.000012
0.000007
0.000008
0.000010
